name: data_bridges
channels:
  - conda-forge
  - defaults
dependencies:
  - anyio=4.3.0=pyhd8ed1ab_0
  - bzip2=1.0.8=hcfcfb64_5
  - ca-certificates=2024.2.2=h56e8100_0
  - certifi=2024.2.2=pyhd8ed1ab_0
  - exceptiongroup=1.2.0=pyhd8ed1ab_2
  - h11=0.14.0=pyhd8ed1ab_0
  - h2=4.1.0=pyhd8ed1ab_0
  - hpack=4.0.0=pyh9f0ad1d_0
  - httpcore=1.0.5=pyhd8ed1ab_0
  - httpx=0.27.0=pyhd8ed1ab_0
  - hyperframe=6.0.1=pyhd8ed1ab_0
  - idna=3.7=pyhd8ed1ab_0
  - intel-openmp=2024.1.0=h57928b3_965
  - libblas=3.9.0=22_win64_mkl
  - libcblas=3.9.0=22_win64_mkl
  - libexpat=2.6.2=h63175ca_0
  - libffi=3.4.2=h8ffe710_5
  - libhwloc=2.10.0=default_h2fffb23_1000
  - libiconv=1.17=hcfcfb64_2
  - liblapack=3.9.0=22_win64_mkl
  - libsqlite=3.45.3=hcfcfb64_0
  - libxml2=2.12.6=hc3477c8_2
  - libzlib=1.2.13=hcfcfb64_5
  - mkl=2024.1.0=h66d3029_692
  - numpy=1.26.4=py312h8753938_0
  - openssl=3.3.0=hcfcfb64_0
  - pandas=2.2.2=py312h2ab9e98_0
  - pip=24.0=pyhd8ed1ab_0
  - pthreads-win32=2.9.1=hfa6e2cd_3
  - python=3.12.3=h2628c8c_0_cpython
  - python-dateutil=2.9.0=pyhd8ed1ab_0
  - python-tzdata=2024.1=pyhd8ed1ab_0
  - python_abi=3.12=4_cp312
  - pytz=2024.1=pyhd8ed1ab_0
  - setuptools=69.5.1=pyhd8ed1ab_0
  - six=1.16.0=pyh6c4a22f_0
  - sniffio=1.3.1=pyhd8ed1ab_0
  - tbb=2021.12.0=h91493d7_0
  - tk=8.6.13=h5226925_1
  - typing_extensions=4.11.0=pyha770c72_0
  - tzdata=2024a=h0c530f3_0
  - ucrt=10.0.22621.0=h57928b3_0
  - vc=14.3=hcf57466_18
  - vc14_runtime=14.38.33130=h82b7239_18
  - vs2015_runtime=14.38.33130=hcb4865c_18
  - wheel=0.43.0=pyhd8ed1ab_1
  - xz=5.2.6=h8d14728_0
  - pip:
      - annotated-types==0.6.0
      - asttokens==2.4.1
      - colorama==0.4.6
      - decorator==5.1.1
      - executing==2.0.1
      - ipython==8.24.0
      - jedi==0.19.1
      - matplotlib-inline==0.1.7
      - parso==0.8.4
      - prompt-toolkit==3.0.43
      - pure-eval==0.2.2
      - pydantic==2.7.1
      - pydantic-core==2.18.2
      - pygments==2.18.0
      - pystata==0.0.1
      - pyyaml==6.0.1
      - stack-data==0.6.3
      - stata-setup==0.1.3
      - traitlets==5.14.3
      - urllib3==2.0.7
      - wcwidth==0.2.13
prefix: C:\Users\alessandra.gherardel\AppData\Local\miniconda3\envs\data_bridges
